warps:
  shop:
    world: world
    x: -564.0683587543652
    y: 68.0
    z: 257.26187769319097
    yaw: 190.50311
    pitch: 59.11908
  Spawn:
    world: world
    x: -572.8785124531175
    y: 68.0
    z: 316.85222533516367
    yaw: -180.60002
    pitch: 18.600002
  End:
    world: world
    x: -572.771662052821
    y: 69.0
    z: 320.5499581224864
    yaw: 228.60352
    pitch: 72.45
  mall:
    world: world
    x: -596.0315441055452
    y: 68.0
    z: 350.24492013445536
    yaw: -89.54694
    pitch: 29.399994
