warps:
  shop:
    world: world
    x: -564.0683587543652
    y: 68.0
    z: 257.26187769319097
    yaw: 190.50311
    pitch: 59.11908
  Spawn:
    world: world
    x: -601.5
    y: 64.0
    z: 254.5
    yaw: 0.0
    pitch: 0.0
