warps:
  shop:
    world: world
    x: -564.0683587543652
    y: 68.0
    z: 257.26187769319097
    yaw: 190.50311
    pitch: 59.11908
  Spawn:
    world: world
    x: -572.8785124531175
    y: 68.0
    z: 316.85222533516367
    yaw: -180.60002
    pitch: 18.600002
